3,2
10,171
10,205
10,207
10,19
10,307
10,131
10,133
10,177
9,2
9,3
65,4
65,3
8,12
8,14
8,4
8,9
8,17
8,18
8,11
65,2
65,1
65,0
54,4
54,3
54,2
54,1
54,0
52,3
52,2
52,1
52,0
51,4
51,3
51,2
51,1
51,0
24,3
24,1
12,3
12,2
12,1
11,30
11,29
11,28
11,27
11,26
11,25
11,24
11,23
11,22
11,21
11,20
11,19
11,18
11,17
11,16
11,15
11,14
11,13
11,12
11,11
11,10
11,9
11,8
11,7
11,6
11,5
11,4
11,3
11,2
11,1
10,315
10,314
10,303
10,300
20,2
20,1
10,299
10,297
20,3
10,296
10,295
10,292
10,289
19,2
19,1
10,287
10,283
10,280
10,279
19,3
10,274
10,273
10,272
10,271
10,266
10,264
10,261
10,259
10,257
10,256
10,255
10,251
10,243
10,241
10,240
10,237
10,233
10,228
10,224
10,222
10,221
10,217
10,215
10,214
10,211
